54.177712980693336 25.24147229620458
71.43229060886246 46.53587756652604
50.290011211038916 67.13127133647694
57.818842096215995 66.36883702991355
55.440051873823336 62.35048193404807
39.684235725015995 30.265906217401177
61.03211578728391 69.7858803099763
65.09010868458245 27.532447037818496
69.41171272151445 66.49064125118488
31.2709217521208 73.2110184894047
48.03090840662831 74.60308468115315
42.73436405305391 66.0388498764431
55.466207622000546 70.1344176210705
41.778447409297016 26.210939213433747
28.120412481540253 33.85769825154766
53.59120716627034 50.58774618923313
53.47677643276848 26.82584055911761
36.64199983773424 32.8026714407539
66.73681661669406 70.09734014206731
56.748315174647885 46.960049609118855
71.6724930333807 37.86573632190478
32.69412350039744 30.577632110023906
48.414166384080225 51.46397121821519
62.70443632187631 28.190301979277464
50.01687736732129 54.46517051973409
27.144451640101142 28.38731749750416
56.102155828554125 60.730635806127566
58.60524681930023 74.91191166235629
71.88874843096634 49.10735404570661
29.76743295195261 32.530482803578764
27.134106301174967 61.208207668171106
60.720679078711086 57.41342222527906
52.73674427178181 26.427807236538325
47.839498350846576 46.89933116433231
32.667372142399145 70.5560087003045
56.5123576173143 56.9774470119031
61.1629789515595 72.11694221039527
27.550771586240728 25.932377346202106
44.389296122847455 36.44269894287033
27.832734916157726 72.615817120927
54.30412413753337 52.50398965194155
74.35003761089172 47.547346336588326
38.65580428252465 48.921650013045635
34.22797949951875 51.61968128876816
37.356207107355154 40.46485204542422
45.541777769196116 35.86123413125913
54.50858898758571 52.25693631648279
49.353212624002595 46.28122141456852
48.305690991470456 62.30514032504777
61.792403937058005 46.008193166800304
39.128783716822156 30.22724424594422
33.287092642680825 67.81700760343445
33.898582171531615 54.52899956400867
50.440328548087635 54.840162419789294
74.10998953648266 35.59869976106297
55.77211809574608 44.65475443325761
73.42477637323537 58.99007297633001
26.74512850196286 67.89309638510193
60.51664958657261 71.82341007334156
58.1501799538372 67.40790817626066
61.26555768275896 42.00845509147372
71.66522837029305 25.513691641003433
46.76625808334468 26.184062012555515
70.20908862330032 52.19995427805583
38.71884251119374 46.43871062343081
52.030714173271505 60.55024603160255
41.03980037802446 41.697786792527765
69.01990483589539 43.01417560202553
55.19685884836473 53.500235542657066
52.34172793593654 36.76634416530051
71.59042736114762 56.766526169853236
74.70383171397916 26.184322356621305
60.02474816320803 53.18313059054249
38.90265199959654 70.67299609440326
33.0179956516749 43.64545581834775
25.95894932767198 40.954936905664255
32.511953702004526 58.77365420354361
57.17316558274513 47.5880312524224
36.27937330090591 40.801881322032
36.10566649842474 56.282027347229274
67.11870112848335 33.77606254063045
47.97420900924418 60.9091319143128
65.39086085357386 49.03567685839536
48.15137453803733 74.02413984623934
60.09438881689695 65.00113411241551
55.44801347657456 42.4851904637173
28.188626976356417 27.259342263775245
57.9040760933929 37.78706205031662
56.76517651110058 74.2455965915564
42.7916394393917 54.89975580654621
26.864960819558043 64.35297662492653
29.257434736746983 67.38898128902137
33.36412720186868 48.759459407574035
36.842913296907 69.51144917937722
41.30815800313708 37.32189362184406
56.00953336217066 71.9837507467848
44.56231249549792 43.43946139396852
37.88572516887116 62.045821636468105
65.87386444889685 31.861145685704162
46.717995794418194 70.15628791027135
25.550707589750594 25.365409247853627
51.16583394441024 60.990418159566175
25.330357841283472 38.34294956555525
52.31847259966956 61.42152850425903
46.921411178054115 57.15117061977534
30.725267775358226 52.779029275874045
67.43033047047203 31.734319305137415
64.97550060051822 51.710783700600246
30.08421493754279 65.80447519691832
56.073731450475684 52.468608942781216
64.73958325672244 62.05903849634508
74.62684491533044 28.036385676788726
65.53829189579471 72.34504200525471
48.52760057817551 62.84833600191499
41.077620668396634 25.628716072672077
47.7632655036838 31.70617461981342
43.31460159278321 41.231665442770264
67.71976264158893 48.20438448298127
29.71739752643472 42.29753658151154
35.221699562678616 42.938651235053506
28.4912758386796 46.62959577688706
41.065419221050725 25.126954244832035
48.84845819433423 69.5679814634999
35.48676638019237 54.874352815617584
31.61915224518413 62.389206502356686
41.307132929078975 48.52603470124458
51.33232081928839 74.93593120056951
53.03865575154147 74.12089385258187
50.538545201918765 65.33610905119171
71.14667487096517 56.92738492999196
63.822031300629945 59.547359020323356
37.32535002597505 69.72661184403387
40.42602722592611 27.855318608407092
34.29944361556993 64.57944374167076
31.88952654255986 70.11854496808463
64.19933392884239 45.04564871785925
28.82724132115641 51.32147243786954
34.99653961702059 39.170164142893796
72.96078378163752 40.22535933992852
50.05232339075974 26.029148147278292
46.24743463549238 59.303871201988734
64.2451838042276 45.952676958673976
59.50740051856548 45.5419821266738
67.65717248031773 37.96317848373088
37.6399065743332 33.31424943254381
37.55644004162001 71.51603724899032
67.77027048019943 56.342264067286195
59.46644710306344 27.67155897626174
32.26324034069151 27.794103722334377
53.8565783157101 57.732436858155424
50.72264395264494 51.03068211259807
54.39038199020658 51.028772817298176
49.08786721486919 46.96649756502238
50.21790463282687 67.80192464200553
44.40375211678525 34.04995255700381
36.33232191642689 64.47968472942844
58.730200873739925 45.489554966343
55.90904001687115 31.855497930362425
56.63310711806707 69.69489071846482
47.54129806133015 51.182681674937214
25.860251231018864 28.472367522420182
45.43492291262487 27.578371714882604
60.09704526995613 35.2075904959141
67.08634084829313 65.65228881053879
38.62371687255842 46.16673945797291
69.35635820145498 53.23899883952717
53.51948320081133 27.375156584847225
57.517143598936315 49.14589723669848
41.35784454458908 26.87581652592723
65.24214076231551 53.85680640316433
43.457691938702865 56.9071471543601
31.81278588342138 48.85918711417979
59.96948155726399 68.49088058045228
36.72882553883689 48.73780058966737
46.59107839500992 48.23396206806806
26.814865903036004 69.11858137434885
50.68708204795385 54.85359023625999
47.76753594196377 57.22538762085736
72.76756626349135 36.009504950066145
65.02519527644677 67.65636471963447
51.95388041921224 66.13163814065226
44.36881966236449 47.59371506825734
51.59410336112539 40.366044721879156
68.34748761015044 65.40692193502474
60.23850297304435 42.64037229599475
70.21178410150682 68.60570953984049
43.8558807424761 65.2827420189193
48.260459669629995 66.72572583055442
47.43725377473454 73.68112692380456
40.3928175888305 60.84590950797057
28.442543823783815 34.64867935903644
64.83725162988605 30.78370761362769
54.812250345584545 35.477805776040526
74.19599631988407 67.76893266811408
34.24791019136725 39.93446756435353
71.31979062082038 29.45896190397024
74.96380199025933 32.874709039515125
61.260381510175336 41.03151225324291
71.07970628220082 70.03747166893811
67.37382870382149 33.57825919633522
64.34659621322803 55.50723517181865
33.43436107639087 43.91656032300736
59.97380640658058 41.64574092087378
70.781967210243 74.14387421147731
59.716012756462824 73.71133007723715
44.81163957860828 40.07748295986828
60.228459980974904 48.84423242670114
62.24209286090222 68.64379012076134
29.381119620877683 39.8570034847837
55.55763515488192 40.7905968260244
59.09102374847463 39.563336628576735
39.522004211413844 72.74481081574476
51.8763714479262 56.70875090173725
44.35488344071425 26.747490590046507
74.32811349887206 65.98241695926706
47.079080626065206 63.22624321860501
71.03908926109804 61.030920191380055
34.6879943663048 51.721608868674764
70.01364238997618 73.13855500558503
65.82057365593161 49.76009631110763
67.94287315484021 51.09253640955053
43.43531865368227 59.91862487962511
48.89636652449245 53.26779270152134
63.60069962217132 28.755194115667777
74.05811211641215 54.48590463330828
60.52749616230651 61.55046059459108
64.71035162630264 54.9656195259992
71.48898762499596 58.919559177316124
25.05162769677931 38.155658343168405
56.25973113188229 39.36670392247132
46.746550787466035 72.76597982347992
67.2572235562188 68.05952278493672
68.22885326271238 64.06075558282512
71.92603581272196 30.591665492110828
66.25487833158597 32.278949754574704
25.689338927057083 43.359221110299615
45.31520843338649 68.5784389813449
68.23022752561045 32.63474342824434
41.46136316911708 27.773788349728445
58.95616559548379 42.705243022430906
32.441033266610106 51.23977356516777
70.75887798399305 29.80816004559331
72.49973993804579 40.37210165417606
26.86512464862026 74.78813928870153
63.02095523152092 58.168009906883874
33.3421800711007 52.42446466526248
50.344640376669574 34.65356875512198
70.49552356842773 44.13174147257767
46.250282609403484 55.96067891145519
30.495942751867986 58.04556813571507
30.09979085578222 55.176452163963596
46.889959995659 62.492653379221565
31.148281070422478 41.687957569184604
65.35574169825509 64.26130604461564
30.389593602943084 51.0318107219121
50.09710270500253 52.31058953935406
32.22059028595353 54.608904343240596
40.368776018761395 55.826923133395695
59.94376968612104 69.31191643002835
51.705121628960306 69.40557057949755
63.61756589867096 27.896637440959914
30.206195419256687 65.99712051973022
33.28434204578397 38.59178192307293
31.157173233528933 25.397968599903653
68.20830250316077 28.196593113817148
58.011498170204284 50.55635728332152
63.419510360086306 46.825494919031044
39.29108897859018 26.58769609313004
28.443797310709236 43.00262749653358
70.89435116143486 41.75504374336662
73.73550959863188 38.84018036226776
37.465643610440864 45.635810269963216
60.48277601481168 67.69596015839196
69.76217717479803 41.24869854453463
39.120677459161655 42.65624173563249
59.042136098596096 57.74420257659373
36.5838069154493 37.13803025796889
68.5872246438121 59.401912172456676
46.904373264661736 63.00092735944134
27.1944238050816 57.55927618828541
26.729069277625605 51.02163147934033
43.68157672155506 33.44460330678877
25.092784208425496 39.45923004523308
39.990019591859735 35.770728435485346
41.05037770391519 35.548449845752046
64.56239561558566 29.286892253260206
69.01125864329923 40.80777059377268
31.16490270545929 73.48854380542684
44.75054244554863 31.332014884682863
47.33870931564698 47.202528155494576
50.39835111188104 74.9129901040263
62.717124959586506 51.5504913131053
44.71230568531441 68.6879844886436
50.20969807086723 60.04718454746299
33.096947364251335 65.94915076776942
50.219102691724416 30.646309370321177
45.68333382079645 41.10064848649361
58.683243787510406 31.38876835614548
53.25412932579527 40.76254439809384
29.95901264126261 46.275199880879846
63.28002723342988 60.619565037239184
63.31290010583414 54.5129073643294
58.16460635559048 68.65194998203796
41.720186231119655 67.66588918456439
63.19705159186651 58.60676943903841
62.281561144349325 43.914393372731894
49.25500873871307 60.107549636819314
38.98074770056283 61.96955851739217
30.34370480583603 72.47380677934281
29.35830286695907 44.81592679954504
63.28148474745555 63.87553014436618
39.279687837107055 61.57777924360707
31.82992714105221 62.40886976638692
44.704913249388966 49.823178504842545
53.096348737143146 55.43912648354407
35.347524163916 45.95785707412218
31.504022148758754 63.80896508475728
69.43477583701909 51.89563183391229
59.549144393958635 48.88950058452371
43.68935847063976 39.62370184986867
58.63937397351956 71.79961099642776
47.25715593082711 71.49435303083237
30.695859301521153 44.049476848345776
70.21344345135662 63.10075155362508
72.30720064067626 59.34437178175972
70.67933814298372 41.4357586073606
68.1529200304391 64.89707470334356
65.03188370184122 66.13315246143131
36.13915980850033 33.83899391825426
27.43513888635574 31.35141572979171
52.934346994063105 73.05515828765996
50.07063851378294 53.812217641541366
27.201289933302505 33.84331534063501
42.60837517600026 35.17207702816282
58.69532813805108 58.50590648278668
34.49790348501675 64.37133489044238
29.170350026656138 26.676907964626622
61.77751990127736 32.171694759727856
52.16955334169701 58.623974839944665
36.93694320626339 61.53123702461393
34.507220161968526 42.580305800377445
36.497089026516534 74.52590152972877
59.097246368557805 33.331528735046795
38.064418878680996 43.207728073233056
33.15077372636647 45.66540457103007
59.85757755250536 49.09887742219205
69.29636133548058 34.01709004594866
51.32785232816047 51.60235191856947
51.08644382161508 62.997404225705175
46.16509711118356 32.329936166521186
36.240092198253805 70.22327798740386
67.25150727018595 43.04148149134052
38.50669446490667 62.684518896481315
55.80461085607338 33.06326180342698
73.32516737919204 61.41799871031077
66.63813301894058 41.977968853326225
70.94266787556789 46.775439829796866
59.93658240279418 42.16417348207639
73.18089177150085 28.559322147392823
67.79394816009724 65.7225952641515
27.981267340730597 40.45116029016973
58.3653289947405 66.61807285457817
39.36437827740573 69.80117696012829
48.130677115183936 35.12001924281009
37.738080716042695 27.353491713388507
51.99283078759002 25.72603597367708
61.49285671913868 28.837802185612244
71.72197113611449 40.9632729033621
40.269132741786066 70.28526059547053
25.03148795920156 68.28597818562983
26.772133160423444 64.82562985773386
59.87476020271312 48.927825466656614
41.261255420311414 39.92737739500586
68.56201091023931 35.79138268557385
66.3125980632127 43.328758433698866
44.952302922726986 70.41217948960792
45.86723069823458 74.98025267232424
55.03598210113814 40.90014926537559
63.73377934253973 73.81813259846248
46.200705208989504 35.058171662128416
69.37161337709362 63.37202486220757
47.34274481341922 71.44767507245226
56.79476228170481 40.139764491667066
63.088613680301066 71.16635915767807
69.77129930107077 65.56819552883778
50.66021924259645 54.6607254720537
43.0810160860743 74.41259615536535
46.71260120230803 45.224609702640784
53.201420961414 58.638110079819015
72.92060983838499 29.208707122128068
68.67798963942991 37.560905779726895
49.93805824201268 29.278544751495957
51.868366606683225 72.33376208251694
53.6408564182225 56.83971557593442
54.974417950271445 56.2162502188048
71.51014845738584 47.465059753790236
44.651268353255006 71.28846449816888
46.95752625904741 63.55396107786247
25.841163279319 29.640671551265818
46.001412525581955 49.38912555628602
67.80486001910977 29.204805625777354
29.38979997568166 29.71525878449141
28.32285089329106 49.84112763837021
32.188248468966165 64.73308335348491
63.752237487327434 51.099696544598245
51.601874225784755 47.026085791411624
46.522128562108755 37.59525960567083
56.79254916138629 73.61055596378534
60.15732303586552 54.86821973963272
35.602824523182775 62.45837097835235
60.146957812277094 26.597182652185914
74.14118251446072 37.29600515914885
65.19586323557948 67.60548701327018
58.386709046593225 46.3711458945407
57.29706411795183 49.08979996250433
39.61759849344159 60.694829345949124
45.17861083529749 36.823220111647196
36.85554931134452 51.687530666760225
62.71890746047013 63.15403934617681
45.08525896258814 73.19000860021353
38.0654061907727 40.33925139403722
35.82984531042611 57.109385640756685
60.97627288752143 68.76039426361027
44.96256965392216 35.98135749952853
35.939087783830075 28.34147089990261
42.413134787601734 35.52020855756486
66.64145631348015 67.97808748125212
27.566604963760305 32.60449723056827
59.67669358226233 53.50791122832449
56.943761019203215 55.2412636136135
48.490613960456315 66.4243002303927
53.094548535899094 65.72266996884507
45.86135376756991 53.50317714132561
46.26315123203143 50.80409101995309
33.40439461925223 28.892075819708367
59.952474316388056 39.63783736238932
72.35298445597519 41.0620021548351
44.483850298731625 30.6163947970917
70.08577462149819 58.40739251519852
47.141097634841444 30.90317393767244
53.72500762777353 49.51758252251694
38.35683806789539 63.85582629908457
59.81727247408173 52.62238725869316
37.596881975939525 55.52750476303498
42.100177068397585 38.556936991905935
70.72679650222209 58.71023315155707
29.34675758008755 29.987511365859387
26.523564254942055 36.77811256024045
69.9897841062598 69.91350734731157
53.181105343169676 31.219769038958752
57.692232263586575 34.928787229367856
67.60663718239641 61.08943145267579
53.39442998099713 31.19334337444056
36.73694310227744 31.78459686827385
55.383926356078504 38.53244878149771
51.54059940763992 37.29897966543778
69.0739456417616 58.49423922408576
33.99453542038883 73.34440015104303
60.80000421026778 53.79580817158222
46.42015836261862 60.129853461209656
37.402707853954915 68.37585829760023
57.10063001610976 60.31706104783579
64.44495319803445 33.09570343515406
33.217152230876266 29.227674809048636
53.99605128439154 60.95209107709183
64.7460293312152 30.83554057436213
54.33189407269295 64.6086136189225
38.59826453111252 62.46027574215473
57.26493450581096 66.50880928376233
46.75936634689454 57.936411974100324
40.664766847847645 70.31006325032945
35.48448098591573 56.474529049117145
32.19493903148343 41.44580594651576
66.8867234041648 63.68042567861612
39.779253552398146 50.366306143063916
73.80854436619128 58.91815165971136
61.43332414131375 58.47284916364733
74.3181021843354 61.50242519374747
49.816568143749265 28.804100261832527
62.945843464358866 73.12490471133862
66.41415861156356 49.52703946043223
37.80628900199891 38.94036857246928
47.804222785239986 71.86134506660508
60.005677639978764 67.9469180497432
73.18508200014868 25.046119762927198
48.84612589965032 59.9814791311914
29.519164146436427 32.532193632300974
63.08578764134498 73.85006764870083
50.595548946063616 74.40067616023858
48.41315198592886 36.74440806662612
45.35004151428787 36.63103598469098
30.286407807845418 51.91201096797721
35.40274884857101 35.01048625109426
69.61158525409677 30.875564954216383
56.444590865530145 56.122569048813446
53.40588827332947 62.81293041786717
32.17660339266488 35.61859458882166
57.04232129368956 32.211612666496706
41.38442232994953 62.28591680889491
53.655712606635404 34.51337702792189
55.714065512200676 36.575536710733815
73.8075801120971 44.632989568499056
68.36701276519568 60.936423404214395
61.609648679950716 66.08476708684353
54.336863849491266 38.39063407990918
46.065688864291666 53.652705016681665
47.5086559112149 71.58447070419837
59.339817458890124 66.93793362079384
51.563218941800976 62.3001768976012
65.70559932443192 30.534147047288727
59.98217995864681 25.78653150545283
41.67114541820049 39.64673180951114
