37.60580143187974 28.99074565981612
67.75902898071064 63.24436959474339
65.7547501573178 60.08409652379996
29.77685340089436 35.252878538887195
54.42942858567672 64.8886916447791
34.435896347684256 61.023151180763
49.508293808135264 66.24479651215943
60.562603941811716 51.67092468219677
25.85008507622815 35.09672317079149
71.48500179383353 46.76872004649081
60.283534341310656 48.52503395138247
28.704389681387028 38.177447033681545
47.900916220129105 26.99753409925646
35.82561625251005 42.46153326712111
43.550282329638875 72.78777543502383
48.17657055946645 51.168514962348766
55.404166230658916 55.295676180890325
55.17626227436393 34.06583870945195
65.64921303088676 70.14422240518974
41.132793716969374 67.55585324586045
34.014329744326005 71.90702916064467
47.93676912630943 69.30582600428264
63.21899975945047 30.00003852384145
46.8433425099104 26.633935544376065
51.332713602856 25.925686337809196
30.27806401482131 59.447889090814385
40.0362871424897 31.50476850968475
66.3387516541832 65.99325946454812
60.80014044507918 38.268359656039394
73.11806138805207 59.26907978941187
45.72305871444091 60.84398304257797
39.17690304619482 26.767482346430565
69.73097166713055 36.80737028441506
57.54001392394659 66.71362612116317
34.69433219140571 54.72848782082821
44.979220436707024 33.0996394798181
34.21680987450866 37.79268594323051
48.34335384693212 28.931162885429984
48.43282780686286 37.04172624453268
27.107595873483397 54.584226730659054
28.367948675535654 32.17216422644909
40.9747321723339 54.144790716298544
57.06450655992889 45.23773804207457
39.558231998619945 68.0487629093166
51.33724200838171 46.24294530273173
39.137301098403995 60.812208806141676
58.989416976439166 43.423399507997836
33.88048172367391 31.778256425145756
70.83748208897057 37.73919013989837
39.88026064197167 32.99150524551811
50.64509544802752 50.355104229247154
41.55059859579423 45.646852525992315
40.38970290863868 35.72444702289771
35.10915327812645 58.29507839765884
25.012676650011546 55.24863631940531
35.549360988434366 32.98696810862112
39.70525685655103 52.27960107447963
71.82922184903217 34.11236905679752
72.32135555476012 45.67213962966062
73.91201829995742 64.58181975877156
58.75997434038161 68.58597354371844
66.1088631659014 26.501487587971585
61.837725145317826 72.47568900913004
36.77252437563497 51.82586881378538
32.35425624070504 65.85990256731472
38.70162900781891 45.34769799000556
56.72788909596392 56.3603814523312
56.130957789334204 56.68683538005065
60.98925410916716 37.729041334919515
26.282102257857414 33.431070501046136
54.739299332972806 55.58237857715881
72.09026364372644 67.11436819138281
47.907228240863574 68.84290995410075
44.943703055881095 73.41591066767569
63.37115819117767 26.39509331145093
31.707199660592323 61.484350808708456
36.25346585974173 74.65250952638866
40.14231137175524 26.938500397818256
72.22263234285133 35.68280774391866
32.330212188785666 46.728347446214386
51.679387703605585 39.94833020425622
66.15619374154377 71.90693538277299
38.964462151782385 40.287311946304015
29.800133192433876 73.22272086589922
53.56751545545226 53.713029389801946
29.410137328278402 48.094258525089984
25.597790568144763 68.38472483641716
59.29180193993409 66.17320918456693
45.739120105312594 51.585676615047916
39.596662590645 39.795681230721534
49.63521788694235 56.296788083723186
44.17934822835089 53.8224370510235
30.186368796797126 34.40242681037158
43.62707331734989 56.286166506239326
30.410085555545912 71.55064525399662
72.73127841279421 48.271138258036075
42.852407836777566 51.8648389817585
71.60411226853489 44.79881834961827
59.47685097503007 37.89668496699879
35.766492433144634 52.61110765022676
56.60792994285002 74.56195469412881
31.533658798682097 63.28078686878902
64.30764780431657 44.563641937398906
70.30873132249945 71.38278065478195
62.18170173156564 53.22698165601497
73.11385694066502 36.01255218053629
33.08425377833956 69.21424583663035
66.57359272214954 44.27740170515773
33.171013012415074 41.14611566278249
48.74030802756414 60.68744964585125
25.392336407398314 70.75870489848458
37.06867523996097 58.107516666500125
73.44982787412107 43.05790021139461
51.65910624744859 71.5145312503897
43.81493539092367 64.99086228937855
49.61051825840115 37.608201609183354
48.93648261063816 39.11951251442072
60.13362605180331 54.61654312628677
70.30468073987609 59.891747372292166
50.172235469749644 72.5766975126734
73.92521840828383 33.54230860450231
69.61876579812787 73.35441230171804
40.49473276091021 73.85639020328355
68.33586412495077 38.52953979380246
57.64624855266639 34.89757595443963
31.11861154715091 53.32625382006124
74.19698846361634 67.72174080556142
57.48900684124559 70.23850698945118
67.70795315351872 66.65604646190133
44.01007122217062 53.90236019946756
28.700574892545106 61.463393921004496
38.02649921863536 39.16455148315971
63.234913034009 74.46046094876516
39.77927111060974 28.187159624400454
65.58805932603224 55.702891517439994
46.32037236570075 31.71269707955774
51.39114087619943 74.64297091399806
65.21495006955573 39.592428287413576
36.08161932453435 30.240718075260737
49.9181699280882 54.069367576575445
49.17968903602201 37.05114834213113
60.310668603089894 67.47114064811342
36.17051739874008 61.8645852202165
26.32323085483848 66.51290671116706
42.42794304969232 32.71500277469915
73.13999722612569 32.29251724277992
27.440477387197028 45.52736948743239
72.46810306667861 55.964229718063905
63.3661754399937 58.17331643727057
29.201434377009456 37.79366493676428
45.36035034335531 72.21700366712894
34.75021162919246 68.79903805091041
42.68774253369128 51.28955554351091
27.393532048339974 68.2291627328344
48.82549247586602 56.39289426127655
55.82782622567265 55.27783158380556
69.902340464616 74.01048370887719
58.53558618295533 66.27366212928922
65.24689728954255 47.70028771523501
70.3171612297534 74.9804867683452
30.05497046500876 36.7675177597084
45.73191385682064 38.62423573429858
70.57357336532414 72.75890234276154
67.22398846209177 29.83078120660887
55.21242591194872 59.426583633632816
51.05723709103222 47.53596226741112
33.962849661217675 72.37729549113041
67.1764218937055 72.3596577489258
30.35257443040656 31.903665939541916
27.708822802467193 30.65200986714938
59.798026535093776 73.49641943181703
58.021281225163825 74.73690067959802
48.49170719304696 44.778165056136245
59.34223922745681 36.08005547533529
43.404191028466585 73.12614202157661
31.626528136996928 66.54671870828875
55.27165020097178 64.23108955105397
55.32327624940075 45.2653204974944
64.03842025476337 58.58450341673488
32.08849163545237 63.249240096433226
59.3635805597137 43.61641191795353
67.12384876638242 65.18148837651299
41.4612969325605 67.44327529517034
56.87303366015579 58.726845961808586
60.880577048616026 27.90377572954364
45.390520789163745 69.26593291506705
29.86918147382893 65.6021634935945
54.442251070828505 64.25280703820145
55.56881266622638 34.348744387503395
60.744136442451094 33.49890070361437
34.496610508688 47.42327516356816
57.394400235063394 56.258977505406015
27.46162592752096 69.06281932311461
69.1346569704384 30.074715968741984
66.99702480441779 63.30714807280364
72.04097093845316 37.57180762237048
58.602258675251385 27.10135505736192
58.64350208131812 68.80303209057706
73.71027258350051 71.96592647222991
50.569700630686384 54.80264840161199
41.28620676557966 32.12730951309089
51.32887116377094 42.23603722395269
27.355831516436616 31.39926598450441
55.71900685193891 56.10667727538963
58.377439835540414 69.72649406229107
63.53274773683424 53.37667565129883
54.95181533282687 30.711426034645296
70.5541577165703 55.79295423394345
44.47316546706935 43.79646778789154
59.50063892544076 61.26172394226955
39.03145120681175 57.103605013000305
50.760497642962406 27.75080184948177
47.72661997607365 41.62325775325069
36.2032134014201 74.47269386020298
56.96919876739374 26.34056579353901
53.68810925117545 65.57795606119551
46.19983727672547 68.80779648171398
31.486847136573424 57.480440356530615
29.54334124155762 43.58525241745453
67.28204919685619 73.29497210093254
31.328510096625557 44.89963340786449
40.31946715485736 66.17510778710141
45.80838665739557 69.27354555127006
27.312083563733257 68.41662404660724
33.06895936549941 35.36180809280236
44.73677201993392 68.04624660211579
66.96576465489974 56.761887597441955
36.503007182455676 53.10364477375222
49.605299464260966 64.81652146467374
74.27713328924946 64.48158821202979
71.57507177150475 28.824572244848284
61.79606835968674 43.025550585074384
57.109057754898046 73.43408974266292
36.35938497920815 49.59560884710402
32.335346630783434 72.425047293771
29.838001081236634 54.121686143918225
42.151432887574984 74.9358812228327
30.20850027073522 38.39120259292597
45.48448334471891 30.958673268324088
51.002915737738505 74.77936086258873
32.93626000099512 35.44011274117207
56.407283833890475 39.195155749961714
43.51112321587449 44.266500495948286
48.52990949408236 55.0054714187663
32.33723818270427 28.587633846798916
51.663031155885314 58.23632330722347
30.497940606919 73.09703327268625
37.92545776728419 45.4156046510218
72.65681317709843 71.54408366385779
57.87512564827499 48.09806360911517
44.39389147915799 38.9373479707875
34.31570272473622 66.98479823387179
28.18896563017505 56.927706441715785
56.82307605353529 30.619414214356837
45.16095150951226 45.667915282271366
65.75953953873908 29.060661653121773
