68.3427923780545 59.849102171499666
50.25993013455373 69.20986986069747
70.29365918783658 41.55104081240661
67.441030158763 39.21416150072004
53.10458263247206 42.319467462355014
56.191842398554485 29.54928650733514
62.239504849015454 59.8115089569686
33.43097213920856 34.29935909681787
47.13427386095917 62.4729329676844
66.06428918422581 54.56968779710641
49.468354101125925 51.119784409824305
54.63427363074199 57.98857645414026
61.14652864545837 28.6417062245617
49.04222848901378 48.70445893023073
63.40264826619159 40.42977573046585
40.18277188102744 74.35927505061285
74.03263040683808 43.76046484389918
37.27777848183901 50.36830940156726
65.94429260164506 29.613861400715724
72.10289739642087 43.13134446923884
31.67152077110666 32.84425217483978
45.643446884855834 36.976321423642055
27.767849403477832 39.610733796785844
39.26901226363332 54.01522358189142
42.844177043985056 62.84244303407438
68.16976065807049 44.994895517567535
69.41583565697837 58.87324020913809
74.70245991040738 34.98042909780853
65.99983509920577 65.64068988131848
68.21181682549886 73.72245808255485
41.050353980749684 46.47844523551193
27.1354087809241 28.257264163060636
60.03450228259168 34.492514924397284
59.5036227876374 49.48091717898273
44.396602737259386 64.67730059481917
69.99827648564116 66.89716859949084
52.61315685095936 56.108078824190926
39.39791406986184 60.44556703158958
39.33831530652972 42.72777502541244
70.71126839675087 56.24823437031979
74.31815316157486 30.70103043456444
49.873006189486105 36.89452659645849
36.93988582791652 60.35831824255451
57.87086092664956 71.53449927398503
69.40883932580644 37.552349013223505
33.975852381159775 62.71985820244322
40.00952822918391 42.59570081938941
35.60561435779008 64.90207727625727
60.7530790375269 34.33143167532163
61.521314120604345 28.654663022806652
68.68722778428668 69.01800169554825
67.92852684157484 72.64087227340386
68.88675804606898 27.678607479887695
30.95387999968237 36.87206607645932
42.258156484586856 36.35262674400978
73.91054473741022 46.98293020559172
38.74547899145703 45.11772137676114
37.17761148523389 29.806825193027937
74.59061842448375 44.28098253170792
42.85347445338023 57.57134107264677
42.98275771886571 34.508815554798204
72.43921968655889 39.63625442780027
65.01597762910964 59.66742300966582
52.31389771781825 40.79614944271938
65.26723653619746 48.34308791010166
63.350009797389184 51.26155899298905
48.39726965553954 34.47121051310795
68.49659030599844 57.31152955037393
38.64860130374019 38.47703675382501
33.85321266102196 34.99413777959875
71.81135810813137 69.30778453944546
45.912299690756356 63.40890838367766
63.66514786515223 73.33167985178262
41.17892924489831 29.372977335923327
50.96108970384658 39.518338223472234
70.02810959211743 52.74465677752349
57.02993109973761 29.12002690613555
69.18574306112262 26.491718516153128
50.12722651801721 56.97079500970172
53.18683663992724 61.43425092646825
32.20336519583189 39.71723299278142
44.5913367249794 42.29722984711206
42.92705033556976 36.63933463331102
33.0352598334457 39.51066050472612
51.44370035370756 48.875513240057856
62.6334441378917 34.35927977366015
62.4625929173348 35.5828550012941
35.09725061440926 41.868069891719145
26.93194184310092 65.83672204293615
59.76029212507857 61.302262918601144
38.78648677308143 58.031130509502745
58.86181198530278 61.01201813671917
38.64653387048821 26.01326490637123
71.82030338548716 60.90755618447884
67.51993988936457 42.817121164093024
72.59167537949423 73.34535098918126
52.6866900529063 54.35556032510587
70.34692385258931 72.70024526969708
33.99290534381015 41.73189486468297
41.56075997513959 45.29912707331444
34.119347164519276 71.37583118425091
55.18345290832957 37.57781436721346
45.21527725620275 27.8411368336473
74.91426199281435 46.08926926438232
40.61470130198552 64.33100891611612
63.2534401888855 56.83741665341605
39.8792992785562 33.025226535541464
53.870288054249286 59.7472058032
28.784056234586338 55.20715483620742
53.54844457065939 65.55513272010622
33.53405036606442 28.188461159606327
25.419369665453285 50.10458515774572
39.21158629957947 40.844303954956246
38.71341257178766 67.59028348470108
68.46209899911722 25.85176220955279
67.0718945020088 35.7894679606144
33.143164767956975 38.38395756824936
71.01048366467347 25.176205561476912
33.64333155027261 48.53399247882169
31.31991668630195 63.360870997861085
44.974774401288535 74.42178219995228
69.54426107035886 40.46126368119198
55.799714874729865 55.07932878620008
65.66941591437076 58.72760835581754
66.98745664341067 50.78929110547462
47.416322371468326 30.630471567465385
41.88208955733813 40.448523399310766
27.236731750547747 56.7203497741736
25.37911997019767 30.48699024499163
69.68465953014007 28.387134857385444
45.09619774908799 54.899058012038594
54.40259008218608 33.177885407622576
61.857983844627576 55.95205043871189
44.7676671984637 46.33943960103203
49.07879067066793 64.69238978695212
51.251441981062 52.280517808587256
64.50485856008106 51.23677364391601
45.78706920423262 30.53389139177667
36.44740663495734 37.88199702513502
25.062046874194465 25.189467232286724
59.1840773253336 57.29438310770835
52.72268460176147 40.131671203205286
33.69964297616097 56.30185259622988
58.32726213050711 74.88643429079715
65.64591538092998 51.985169796945584
26.029194126311257 72.36735486507206
55.41964914365412 37.9508307554574
26.282747956261904 38.65934624030877
47.348856470051246 72.02361526423536
41.779708344472176 58.65937489395589
69.74678089472803 36.823319352419645
56.79783674044171 34.00522290435706
50.85712500771055 64.41740456988754
74.78082141275564 72.4617791014147
57.358229027145676 73.38532155184211
64.15315254440432 52.551013196095646
51.56689273131776 54.53446229353905
71.74170917485901 44.71773025590595
25.160704960455554 41.56782649239136
46.547680453453616 73.80812757156683
58.00424384998215 53.46105213047554
67.8195157593876 56.31365043172137
29.186436317342455 37.54082347408678
51.68434317897268 50.82096583520131
37.90540777760984 28.14279061482206
39.06760582160732 52.412649147076266
25.38138583155689 69.31028828016882
65.19294358077558 28.64931441375495
42.54588458466161 52.79460297260604
26.54412081792209 46.97206532314539
38.65276089326145 65.68916500980893
54.32563659573503 33.08919959582424
72.35521781297734 61.67363104348524
41.0263472194185 37.25246642099307
65.4579817497843 52.616200564102414
64.14822234319281 63.30113071177663
45.34434959510678 51.57357644959716
56.12040229166067 69.65806538366562
39.2925118983331 45.371411650570806
63.432566269648255 26.737955970893605
64.65358615983567 45.870536938381555
70.51567754395283 37.28962536170858
31.703894581693483 70.62111086924116
45.09717934068581 48.82259671830814
72.28507002206524 53.91682544927946
50.48586807753373 46.60295611080603
26.90353965729171 50.659630656467954
40.135409287968514 69.42304906744266
47.19351841195311 56.31582308739661
49.026218897903405 45.66238406433325
44.82931464216371 61.51629335337835
26.143314927176792 26.58943112831562
66.77257674868434 55.104263356724886
44.04872206514407 46.59383999632365
63.56225620082082 54.56952334112197
69.95360531675254 57.10591272260695
38.93645519419131 58.79799005974646
47.13229563657519 39.05141187569794
27.476936496074963 43.04697050976118
46.37151522003735 62.541245437667065
31.82637565465042 67.29463389686774
25.561673606596774 53.98613383091268
71.0449183792395 74.5797559389195
49.53318129688613 50.842128389718454
49.32064674611952 36.477925109044946
25.31910288873026 71.2748016698961
36.1979591972139 62.076678390549496
40.697416355346775 55.18127848056647
31.59895545991404 27.680730480909922
47.5272835957079 60.365090724240794
28.30296980895052 40.18298042748151
68.56421530064455 60.66861563550804
41.060423361845935 69.73190795952735
47.244554513966264 39.17652212501514
38.62462569697713 37.615596500907515
66.46280520868837 32.35021486632052
57.20269461268586 63.075283431279395
36.85823988253519 41.229894680781925
74.35812181982882 54.33762562370191
60.684628480576144 28.11521532786219
32.98062997816698 36.82903214263781
74.57594074476236 41.344119917246736
62.7258808909955 60.333028997109665
74.69341878448031 54.77877953490369
43.826291059455365 47.1855883784012
52.11873857084042 28.472928173029445
70.89285156603258 56.974175036535726
74.64993305017967 29.036299005375454
44.87542201509481 71.47402758938154
66.93085540657137 31.718012361843677
69.16064796209452 30.270941280155593
54.76254320590527 35.470162285076015
39.39552227633977 30.250414398719577
65.07059039438464 65.35999616744593
31.195959583593776 70.6034858756991
28.71014580710392 51.89415903087027
32.925878119582826 67.87216564769707
69.05549027638286 31.99812225158587
28.06293198783996 64.0892996909283
54.73245349699438 31.263833783936732
56.90195335762388 29.317193832547552
32.49029864422428 71.93993612245394
27.514705463987188 29.405503683564085
38.611672920034245 70.9998838181523
48.98588612789966 39.29675895337891
52.15917050284299 29.99404583459472
43.20867881974705 50.99989707450953
39.03222858241779 47.561477742245806
68.71930461224296 30.05704465851226
48.03278777358437 57.72620624401667
57.03433595015385 51.67057456470023
55.82648773302531 51.40385153134725
72.69255605634982 61.717150297286594
59.490575552199296 43.31638223731669
34.417738711365956 73.93440549508085
73.6275495991828 39.94448559082881
